1 0 0 0 0 1 0 0 0 0 1 0
0.999988 -8.18185e-05 0.00499903 -0.0317104 8.51197e-05 1 -0.000660143 -0.0126367 -0.00499898 0.000660561 0.999987 1.01476
0.99983 0.00184285 0.01837 0.000228543 -0.00179536 0.999995 -0.00260093 -0.016392 -0.0183747 0.00256751 0.999828 2.09095
0.999735 -0.0186538 -0.0134789 1.12622 0.018325 0.999541 -0.0241233 0.807835 0.0139227 0.0238699 0.999618 3.97228
0.999804 -0.0178773 -0.00846238 1.20197 0.0175613 0.999196 -0.0360496 0.793668 0.00910005 0.0358939 0.999314 6.32101
0.999625 -0.0264147 -0.00726939 1.47625 0.0262293 0.999355 -0.024515 1.09454 0.00791226 0.0243152 0.999673 7.1726
0.999594 -0.0262261 -0.0111112 1.50927 0.0259239 0.999312 -0.0265216 1.04299 0.0117991 0.0262228 0.999586 9.40768
0.999693 -0.0227065 -0.00993281 1.57465 0.0224871 0.999512 -0.0216707 1.08505 0.01042 0.0214407 0.999716 10.2577
0.999568 -0.0241271 -0.0167998 1.65927 0.0237586 0.99948 -0.0217972 1.17394 0.017317 0.0213887 0.999621 11.4054
0.999475 -0.0269575 -0.0179808 1.6105 0.0264996 0.99933 -0.0252365 1.14325 0.0186491 0.0247467 0.99952 13.602
0.999421 -0.0308627 -0.0143038 1.51444 0.030378 0.998995 -0.0329519 1.07278 0.0153064 0.0324983 0.999355 14.7191
0.99946 -0.0142157 -0.0296194 1.56399 0.0135545 0.999657 -0.0224053 1.05763 0.0299278 0.0219917 0.99931 15.7052
0.999656 -0.00881494 -0.0246989 1.47476 0.00820378 0.99966 -0.0247373 0.938033 0.0249085 0.0245262 0.999389 17.8188
0.999255 0.0281689 -0.0263861 1.52756 -0.0287288 0.999365 -0.0210839 0.995741 0.0257754 0.0218263 0.999429 18.8963
0.99778 0.0604423 -0.027944 1.55712 -0.0609764 0.997965 -0.0186728 1.01495 0.0267585 0.0203352 0.999435 19.9398
0.994205 0.0997021 -0.0401916 1.62486 -0.100574 0.994723 -0.0202828 1.03546 0.0379573 0.0242075 0.998986 22.0731
0.994254 0.101097 -0.0351913 1.59841 -0.101811 0.99462 -0.0191245 0.990628 0.0330685 0.0225975 0.999198 23.045
0.994538 0.0972241 -0.0379572 1.53192 -0.0980054 0.994999 -0.0192913 0.965853 0.0358918 0.0229059 0.999093 26.2525
0.994671 0.0913846 -0.0477298 1.67541 -0.0920592 0.99568 -0.0121274 0.993709 0.0464154 0.0164567 0.998787 28.294
0.995237 0.0796321 -0.0562242 1.84521 -0.0803697 0.996705 -0.0109786 1.02376 0.0551646 0.015445 0.998358 29.0845
0.994299 0.092208 -0.0535528 2.08868 -0.0930305 0.995577 -0.0130701 1.13043 0.0521108 0.0179776 0.998479 31.4419
0.993228 0.0913291 -0.071813 2.27001 -0.0936778 0.995149 -0.0300406 1.07467 0.068721 0.0365644 0.996966 32.418
0.993625 0.0882171 -0.0701934 1.98235 -0.0895805 0.995843 -0.0165122 1.06605 0.0684449 0.0226949 0.997397 33.0706
0.993973 0.0841894 -0.070207 1.81268 -0.0846858 0.996399 -0.00411801 1.07924 0.0696075 0.0100387 0.997524 33.9707
0.99461 0.0803212 -0.0655652 1.80453 -0.0808017 0.996719 -0.00470528 1.02159 0.0649721 0.00997769 0.997837 34.916
0.995289 0.0745557 -0.0619776 1.81187 -0.0748411 0.997193 -0.00229258 0.969663 0.0616327 0.00692025 0.998075 35.7346
0.994701 0.0755889 -0.0696812 1.85493 -0.0756408 0.997133 0.00189683 0.952859 0.0696248 0.00338396 0.997568 36.7284
0.994374 0.0744876 -0.0753113 1.85533 -0.0740181 0.997216 0.00901047 0.933096 0.0757728 -0.00338538 0.997119 37.6068
0.994172 0.0726615 -0.0796416 1.80774 -0.0718627 0.997332 0.0128541 0.952128 0.0803631 -0.00705596 0.996741 38.4309
0.99392 0.0764286 -0.0792621 1.68047 -0.0754694 0.997035 0.0150324 0.957364 0.080176 -0.00895913 0.99674 39.3195
0.99388 0.0792002 -0.0770058 1.59501 -0.0780421 0.996789 0.0179398 0.949036 0.0781794 -0.0118203 0.996869 40.3454
0.992667 0.0788331 -0.0916377 1.64779 -0.0780967 0.996878 0.0115997 0.875434 0.092266 -0.00435801 0.995725 41.3686
0.993002 0.0786901 -0.0880572 1.45376 -0.0777281 0.996872 0.014306 0.985433 0.0889075 -0.00736137 0.996013 42.1264
0.992498 0.0825572 -0.090174 1.07587 -0.0817291 0.996572 0.0128445 0.938048 0.0909253 -0.00537832 0.995843 44.4498
0.993185 0.0840052 -0.0807826 1.08804 -0.0836925 0.996465 0.00725534 0.876308 0.0811065 -0.000445007 0.996705 45.2637
0.992951 0.085935 -0.0816351 1.03335 -0.0856455 0.996301 0.00704821 0.923079 0.0819388 -6.84819e-06 0.996637 46.0461
0.993074 0.089588 -0.0760091 0.950825 -0.0894141 0.995978 0.00569523 1.02154 0.0762137 0.00114049 0.997091 46.7753
0.993301 0.0919361 -0.0699999 1.00395 -0.0920431 0.995754 0.00170195 0.982476 0.0698591 0.00475246 0.997546 47.5087
0.99383 0.0941934 -0.0585588 1.02007 -0.0936552 0.995534 0.0118739 0.88609 0.0594157 -0.00631631 0.998213 48.3787
0.992815 0.101264 -0.0637431 1.07407 -0.101066 0.99486 0.00632527 0.946986 0.064056 0.000162448 0.997946 48.9775
0.991614 0.114193 -0.0605177 1.15567 -0.114068 0.993458 0.00552193 0.755807 0.0607523 0.00142751 0.998152 49.4868
0.991082 0.119993 -0.0579416 1.50182 -0.118494 0.992541 0.0286555 0.927383 0.0609479 -0.0215342 0.997909 50.5543
0.990503 0.126154 -0.0546633 1.41978 -0.126202 0.992001 0.00258556 0.871659 0.0545523 0.0043376 0.998501 51.0105
0.99089 0.130813 -0.0320304 1.59394 -0.130427 0.991361 0.013861 0.710713 0.0335669 -0.00955707 0.999391 51.6819
0.990959 0.132217 -0.0227876 1.57973 -0.132311 0.991205 -0.00266471 0.806503 0.0222349 0.00565566 0.999737 52.237
0.990432 0.137609 -0.0103844 1.50357 -0.137772 0.990317 -0.017087 0.791878 0.00793256 0.0183542 0.9998 52.8211
0.99008 0.140457 0.00379669 1.58176 -0.140383 0.989976 -0.015524 0.738655 -0.00593908 0.014837 0.999872 53.2532
0.99013 0.140114 0.00338543 1.51373 -0.139996 0.989871 -0.0236045 0.685789 -0.00665845 0.0228975 0.999716 53.9516
0.989887 0.140677 0.0182931 1.57824 -0.140291 0.98989 -0.0208856 0.758881 -0.0210463 0.018108 0.999615 54.3327
0.989307 0.14339 0.0266544 1.67739 -0.142656 0.989386 -0.0276593 0.789686 -0.0303375 0.0235611 0.999262 54.8476
0.988628 0.146378 0.0344608 1.5556 -0.145287 0.988862 -0.0322937 0.789971 -0.0388041 0.0269197 0.998884 55.3563
0.986836 0.154136 0.048956 1.51879 -0.152478 0.987652 -0.0359722 0.895047 -0.0538961 0.028034 0.998153 56.3089
0.986324 0.152956 0.0613896 1.42769 -0.150995 0.987899 -0.0354292 0.846322 -0.0660659 0.0256752 0.997485 56.791
0.985616 0.151612 0.0746704 1.41672 -0.148986 0.988046 -0.0395963 0.847848 -0.0797811 0.0279018 0.996422 57.0869
0.984387 0.151523 0.0895763 1.36183 -0.148205 0.988037 -0.0426427 0.75939 -0.0949661 0.0287013 0.995067 57.6266
0.983777 0.150015 0.0983736 1.50674 -0.145635 0.988057 -0.0503313 0.74619 -0.104749 0.0351882 0.993876 57.934
0.981292 0.154405 0.115001 1.56411 -0.149453 0.987475 -0.0505609 0.721019 -0.121368 0.0324277 0.992078 58.0325
0.976608 0.158275 0.145552 1.61047 -0.152626 0.987055 -0.0492656 0.584709 -0.151465 0.0258982 0.988123 58.5167
0.974105 0.158124 0.161605 1.72281 -0.151384 0.987038 -0.0532841 0.611965 -0.167936 0.0274399 0.985416 58.8785
0.970292 0.158011 0.18321 1.73498 -0.150128 0.987067 -0.0562188 0.570439 -0.189724 0.0270438 0.981465 59.2322
0.966261 0.157444 0.203841 1.82727 -0.148075 0.987122 -0.0605237 0.572979 -0.210745 0.0282979 0.977131 59.5073
0.955918 0.162025 0.244886 2.11545 -0.150097 0.986416 -0.0667399 0.450461 -0.252373 0.0270413 0.967252 60.0873
0.950205 0.162969 0.265615 2.25061 -0.150308 0.986335 -0.0674616 0.369952 -0.27298 0.0241784 0.961716 60.2631
0.941117 0.167094 0.293902 2.34377 -0.152875 0.9857 -0.0708804 0.345801 -0.301543 0.0217765 0.953204 60.6045
0.932901 0.168658 0.318198 2.5299 -0.152811 0.985457 -0.074316 0.302244 -0.326105 0.0207053 0.945107 60.8214
0.923027 0.170084 0.345098 2.70515 -0.152355 0.985237 -0.0780797 0.291075 -0.353283 0.0194923 0.935313 61.1339
0.910735 0.168904 0.376872 2.82062 -0.148121 0.985421 -0.0836971 0.248492 -0.385515 0.0204034 0.922476 61.3809
0.897586 0.165985 0.408397 3.03538 -0.142182 0.985902 -0.0882096 0.166966 -0.417281 0.021109 0.908532 61.6593
0.88185 0.165298 0.441607 3.22353 -0.137116 0.985965 -0.0952483 0.133312 -0.451153 0.0234436 0.892139 61.9581
0.863184 0.166887 0.476511 3.4582 -0.134226 0.985681 -0.102065 0.0644296 -0.48672 0.0241406 0.873224 62.2145
0.842714 0.169247 0.511067 3.69332 -0.130712 0.985217 -0.110733 0.0450141 -0.522253 0.0265133 0.852378 62.4802
0.819253 0.172666 0.546819 3.97254 -0.128745 0.984629 -0.118024 0.00727313 -0.558793 0.0262911 0.82889 62.8292
0.792586 0.176051 0.583793 4.20539 -0.12828 0.984129 -0.122619 -0.0665835 -0.596114 0.0222972 0.80259 63.1135
0.764008 0.180721 0.619381 4.54024 -0.128448 0.983358 -0.128481 -0.126087 -0.632292 0.0186021 0.774507 63.4269
0.731657 0.18267 0.656742 4.84189 -0.124117 0.983021 -0.135148 -0.158838 -0.670279 0.0173689 0.741906 63.7281
0.697072 0.180058 0.694025 5.23015 -0.115517 0.983512 -0.139139 -0.239986 -0.707635 0.0168184 0.706378 64.0595
0.659715 0.178781 0.729941 5.56837 -0.108014 0.983764 -0.143326 -0.298268 -0.743713 0.0157101 0.668314 64.3237
0.617731 0.177558 0.766082 6.00193 -0.101891 0.984036 -0.145915 -0.378005 -0.779761 0.0120795 0.625961 64.6023
0.572741 0.180161 0.799694 6.41053 -0.0978041 0.9836 -0.151546 -0.423357 -0.813881 0.00858317 0.580968 64.8805
0.527619 0.177385 0.830754 6.91263 -0.0842964 0.984061 -0.156583 -0.571187 -0.845288 0.0125864 0.534162 65.1829
0.481256 0.171476 0.859645 7.386 -0.072247 0.985103 -0.156055 -0.733579 -0.873598 0.0129958 0.486475 65.4191
0.429465 0.172817 0.886394 7.99501 -0.0716665 0.984946 -0.157309 -0.768566 -0.900235 0.00403387 0.435385 65.7435
0.380588 0.172176 0.908575 8.52977 -0.0703574 0.985058 -0.157198 -0.890448 -0.922064 -0.00409714 0.387015 65.9134
0.333218 0.172811 0.926878 9.07869 -0.0614647 0.98495 -0.161541 -0.938399 -0.940844 -0.00314183 0.338825 66.0523
